$keys right_lid_raiser left_lid_raiser right_lid_tightener left_lid_tightener right_lid_droop left_lid_droop right_inner_raiser left_inner_raiser right_outer_raiser left_outer_raiser right_lowerer left_lowerer right_cheek_raiser left_cheek_raiser wrinkler dilator right_upper_raiser left_upper_raiser right_corner_puller left_corner_puller corner_depressor chin_raiser right_part left_part right_funneler left_funneler tightener jaw_clencher jaw_drop right_mouth_drop left_mouth_drop head_rightleft head_updown head_tilt eyes_updown eyes_rightleft
$hasweighting
"Force1" "_" 0.000 1.000 0.000 1.000 0.000 1.000 0.000 1.000 0.300 1.000 0.300 1.000 0.000 1.000 0.000 1.000 0.000 1.000 0.000 1.000 0.400 1.000 0.400 1.000 0.400 1.000 0.400 1.000 0.000 1.000 0.350 1.000 0.000 0.000 0.000 0.000 0.000 1.000 0.000 1.000 0.000 1.000 0.250 1.000 0.000 0.000 0.000 0.000 0.000 1.000 0.000 1.000 0.400 1.000 0.350 1.000 0.000 1.000 0.000 1.000 0.000 1.000 0.000 0.000 0.000 0.000 0.000 0.000 0.000 0.000 0.000 0.000 "a bit forcefull"
"Flare" "_" 0.750 1.000 0.750 1.000 0.000 1.000 0.000 1.000 0.000 1.000 0.000 1.000 0.300 1.000 0.300 1.000 0.300 1.000 0.300 1.000 0.000 1.000 0.000 1.000 0.000 1.000 0.000 1.000 0.000 1.000 0.000 1.000 0.000 0.000 0.000 0.000 0.000 1.000 0.000 1.000 0.000 1.000 0.000 1.000 0.000 0.000 0.000 0.000 0.000 1.000 0.000 1.000 0.000 1.000 0.000 1.000 0.000 1.000 0.000 1.000 0.000 1.000 0.000 0.000 0.000 0.000 0.000 0.000 0.000 0.000 0.000 0.000 "Eye flare"
$groupname "Smiles" "Smiling Group"
"Sad" "_" 0.000 1.000 0.000 1.000 0.000 1.000 0.000 1.000 0.000 1.000 0.000 1.000 0.300 1.000 0.300 1.000 0.000 1.000 0.000 1.000 0.000 1.000 0.000 1.000 0.000 1.000 0.000 1.000 0.100 1.000 0.000 1.000 0.000 0.000 0.000 0.000 0.000 1.000 0.000 1.000 0.700 1.000 0.300 1.000 0.000 0.000 0.000 0.000 0.200 1.000 0.200 1.000 0.000 1.000 0.000 1.000 0.300 1.000 0.000 1.000 0.000 1.000 0.000 0.000 0.000 0.000 0.000 0.000 0.000 0.000 0.000 0.000 "Frowny"
"Smile Closed" "_" 0.200 1.000 0.200 1.000 0.500 1.000 0.500 1.000 0.150 1.000 0.150 1.000 0.100 1.000 0.100 1.000 0.150 1.000 0.150 1.000 0.000 1.000 0.000 1.000 0.700 1.000 0.700 1.000 0.000 1.000 0.000 1.000 0.000 0.000 0.000 0.000 0.750 1.000 0.750 1.000 0.000 1.000 0.200 1.000 0.000 0.000 0.000 0.000 0.000 1.000 0.000 1.000 0.240 1.000 0.850 1.000 0.000 1.000 0.000 1.000 0.000 1.000 0.000 0.000 0.000 0.000 0.000 0.000 0.000 0.000 0.000 0.000 "Smiling -- Mouth Closed"
$groupname "Frowns" "Sad"
"Neutral" "_" 0.000 1.000 0.000 1.000 0.000 1.000 0.000 1.000 0.000 1.000 0.000 1.000 0.000 1.000 0.000 1.000 0.000 1.000 0.000 1.000 0.000 1.000 0.000 1.000 0.000 1.000 0.000 1.000 0.000 1.000 0.000 1.000 0.000 0.000 0.000 0.000 0.000 1.000 0.000 1.000 0.000 1.000 0.000 1.000 0.000 0.000 0.000 0.000 0.000 1.000 0.000 1.000 0.000 1.000 0.000 1.000 0.000 1.000 0.000 1.000 0.000 1.000 0.000 0.000 0.000 0.000 0.000 0.000 0.000 0.000 0.000 0.000 "A plain face"
"Smile" "_" 0.250 1.000 0.250 1.000 0.760 1.000 0.760 1.000 0.000 1.000 0.000 1.000 0.000 1.000 0.000 1.000 0.300 1.000 0.300 1.000 0.000 1.000 0.000 1.000 0.630 1.000 0.630 1.000 0.000 1.000 0.000 1.000 0.000 1.000 0.000 1.000 0.750 1.000 0.750 1.000 0.000 1.000 0.730 1.000 0.000 0.000 0.000 0.000 0.400 1.000 0.400 1.000 0.000 1.000 0.000 1.000 0.330 1.000 0.050 1.000 0.050 1.000 0.000 0.000 0.000 0.000 0.000 0.000 0.000 0.000 0.000 0.000 "Smiling"
"Right Side Smile" "_" 0.700 1.000 0.560 1.000 0.650 1.000 0.650 1.000 0.650 1.000 0.585 1.000 0.000 1.000 0.000 1.000 0.400 1.000 0.040 1.000 0.000 1.000 0.000 1.000 0.450 1.000 0.450 1.000 0.000 1.000 0.000 1.000 0.000 0.000 0.000 0.000 0.750 1.000 0.000 1.000 0.000 1.000 0.000 1.000 0.000 0.000 0.000 0.000 0.000 1.000 0.000 1.000 0.150 1.000 1.000 1.000 0.000 1.000 0.000 1.000 0.000 1.000 0.000 0.000 0.000 0.000 0.000 0.000 0.000 0.000 0.000 0.000 "Smiling -- Right Side"
"open mouth" "_" 0.300 1.000 0.300 1.000 0.000 1.000 0.000 1.000 0.000 1.000 0.000 1.000 0.350 1.000 0.350 1.000 0.400 1.000 0.400 1.000 0.000 1.000 0.000 1.000 0.000 1.000 0.000 1.000 0.350 1.000 0.400 1.000 0.350 0.000 0.350 0.000 0.000 1.000 0.000 1.000 0.000 1.000 0.000 1.000 0.700 0.000 0.700 0.000 0.000 1.000 0.000 1.000 0.000 1.000 0.000 1.000 0.300 1.000 0.000 1.000 0.000 1.000 0.000 0.000 0.000 0.000 0.000 0.000 0.000 0.000 0.000 0.000 "big expression"
"up left" "_" 0.000 0.000 0.000 0.000 0.000 0.000 0.000 0.000 0.000 0.000 0.000 0.000 0.000 0.000 0.000 0.000 0.000 0.000 0.000 0.000 0.000 1.000 0.000 0.000 0.000 1.000 0.000 0.000 0.000 0.000 0.040 0.000 0.000 0.000 0.000 0.000 0.000 0.000 0.000 0.000 0.000 0.000 0.000 0.000 0.000 0.000 0.000 0.000 0.000 0.000 0.000 0.000 0.000 0.000 0.000 0.000 0.000 0.000 0.000 1.000 0.000 0.000 12.000 1.000 -11.200 1.000 0.000 0.000 0.000 0.000 0.000 0.000 "Look up and left"
"down" "_" 0.300 1.000 0.300 1.000 0.000 1.000 0.000 1.000 0.000 1.000 0.000 1.000 0.350 1.000 0.350 1.000 0.400 1.000 0.400 1.000 0.000 1.000 0.000 1.000 0.000 1.000 0.000 1.000 0.350 1.000 0.400 1.000 0.350 0.000 0.350 0.000 0.000 1.000 0.000 1.000 0.000 1.000 0.000 1.000 0.000 0.000 0.000 0.000 0.000 1.000 0.000 1.000 0.000 0.000 0.000 0.000 0.000 0.000 0.000 0.000 0.000 0.000 0.000 0.000 12.850 1.000 0.000 0.000 0.000 0.000 0.000 0.000 "look down"
"tilt" "_" 0.000 0.000 0.000 0.000 0.000 0.000 0.000 0.000 0.000 0.000 0.000 0.000 0.000 0.000 0.000 0.000 0.000 0.000 0.000 0.000 0.000 0.000 0.000 0.000 0.000 0.000 0.000 0.000 0.000 0.000 0.000 0.000 0.000 0.000 0.000 0.000 0.000 0.000 0.000 0.000 0.000 0.000 0.000 0.000 0.000 0.000 0.000 0.000 0.000 0.000 0.000 0.000 0.000 0.000 0.000 0.000 0.000 0.000 0.000 0.000 0.000 0.000 0.000 0.000 -0.150 0.000 21.000 1.000 1.200 0.000 0.600 0.000 "tilt right"
"think" "_" 0.000 0.000 0.000 0.000 0.000 0.000 0.000 0.000 0.000 0.000 0.000 0.000 0.000 0.000 0.000 0.000 0.000 0.000 0.000 0.000 0.000 0.000 0.000 0.000 0.000 0.000 0.000 0.000 0.000 0.000 0.000 0.000 0.000 0.000 0.000 0.000 0.000 0.000 0.000 0.000 0.000 0.000 0.000 0.000 0.000 0.000 0.000 0.000 0.000 0.000 0.000 0.000 0.000 0.000 0.000 0.000 0.000 0.000 0.000 0.000 0.000 0.000 0.000 0.000 0.000 0.000 0.000 0.000 -21.600 1.000 -15.600 1.000 "think with eyes"
$group "Smiles" "Force1" 100 "Flare" 100
$group "Frowns" "Force1" 200 "Flare" 150 "Sad" 100
